function[] = LLSP()

Y = [-5.4606 -3.8804 -1.9699 -1.6666 -0.0764 -0.3971 -1.0303 -4.5483 -11.5280 -21.6417 -34.4458];

